397966
554058
617432
63573
616530
634032
446667
679866
672027
752235
505365
438491
813358
306830
363533
409885
330502
446228
320515
505306
108731
476936
486024
364700
855794
453104
717084
494054
992045
894493
532425
906363
964902
149857
969935
581431
300240
416601
777648
972266
685187
283013
927108
14896
106194
290641
941132
436695
736868
261647
458352
361951
738582
944376
726650
594375
913831
960085
604780
905875
854577
137204
328589
819479
287060
298523
917261
587299
231475
211261
75917
433013
10625
3024
447908
116818
810016
389040
69864
63236
650686
44567
425186
905619
505294
151835
499993
419124
111919
104772
841351
482847
758327
169939
818677
561739
468462
252290
665389
216288
463550
741305
649301
474174
260681
97208
107343
70696
2599
693558
650283
169636
738124
75468
75254
243418
743654
91598
178893
371924
712721
20243
854771
471048
706534
189799
32786
691347
442088
698174
907634
905637
955831
556934
896162
732863
170494
519856
319910
689444
213413
970193
859080
951537
45660
934333
711306
789314
542283
406550
161237
255003
943145
532359
726050
649678
722158
275187
341024
164245
489713
765009
586234
445543
838295
998747
694757
525140
34955
14666
214583
248367
984858
590014
716255
546870
40699
943912
852535
582981
350462
530123
837983
293606
62482
80385
459635
300991
871923
317010
981587
361635
82018
84172
323529
436664
599271
18285
961803
634225
32951
692738
398943
534160
282751
115198
81029
323449
575461
449915
422781
925922
980038
260764
735879
558871
857500
195513
859861
729422
512522
357799
607409
110892
441971
930937
547555
41241
465574
509358
191817
14876
718447
590759
549035
1197
222308
146416
840998
797769
596330
263778
723690
576367
40893
975921
651589
898392
171433
511449
144166
683955
385600
267926
794846
827570
715214
858752
385162
180787
368109
93330
195662
86555
684088
261049
604104
906396
407464
445101
220516
520145
708878
460557
96512
749771
436477
264452
164514
607910
775901
825031
808216
677852
92956
603061
505421
808170
461812
406934
505308
346273
16615
700970
949179
700702
478370
69634
123449
885833
514734
343964
405977
739964
804521
18840
489734
240997
283292
170599
365258
575544
995630
173473
253395
88585
292885
275167
413106
271049
198452
918414
133673
215066
135735
82851
432119
614104
152485
555568
16288
183570
415883
938616
923533
736755
957456
929618
494104
757099
100217
859361
848994
612198
549186
618740
217134
842070
410258
630240
113118
608709
65005
246790
340126
200739
845993
772244
814842
514829
327811
831129
698398
260046
286096
138283
996800
759903
67900
490903
517001
684468
866616
882346
813017
415801
501085
30151
774222
911342
176742
403692
36402
241746
166833
376527
442484
529177
148771
773677
44005
992933
121157
258755
769330
407252
397037
766130
167155
464936
773384
684155
665756
156351
82853
478772
572151
100289
508922
862725
11631
202015
266416
564384
443760
433248
940911
886243
962425
606033
659919
522781
598965
297427
781535
368295
704679
178571
650776
871833
159859
940511
72339
341966
96862
155191
820737
669012
255480
846011
48088
783462
564377
314503
347845
8137
264103
805107
410731
742879
411139
587002
265659
526456
884428
47194
894750
589106
742116
61877
460938
418326
2387
533277
760291
99248
204819
97380
284612
976650
459742
332699
760111
24118
163554
624308
32254
427656
429414
959337
686886
840553
546338
952544
367008
430765
516089
778109
19871
774557
839985
997160
192882
358723
46788
469525
457971
251607
83256
258934
228256
59349
107984
504719
83466
271537
129026
632072
215544
558439
591408
902429
398991
137745
371325
765998
84861
403765
60458
104731
178321
900442
101891
887555
775517
665030
357079
233487
916636
956686
8772
661244
16034
116755
165962
615851
904644
294987
247922
636539
369777
355681
55320
768768
9777
426644
51117
94638
830408
111575
715720
8729
528368
333962
412635
303884
998992
769713
53722
431979
242750
62493
93222
258783
695600
775535
390985
116595
586873
638907
753133
956650
510939
808452
241769
520716
751447
292885
131705
581855
920811
847424
106935
965531
181386
519569
269414
696729
805633
839488
128707
48382
901980
221929
823516
113931
513815
214500
746877
100688
369758
16362
573689
880697
824813
815457
917764
92612
624693
565820
674466
545504
413243
297752
511034
110980
817320
296799
807708
622952
136286
936415
187685
554618
674695
527552
184900
704861
742051
931777
805548
628161
948138
895588
25209
289302
711044
459324
381913
335737
25143
56378
397592
438385
354129
424977
65717
687800
721775
873424
827103
858061
326190
14787
929030
517236
58690
113929
222097
800741
45705
543996
945253
993842
439584
970461
799496
150627
429784
181408
2715
454926
754138
400306
409662
624618
825282
475378
312418
63409
865154
139520
921469
707695
670659
850498
224931
729348
964426
963379
46440
526483
507374
991692
36676
463309
478504
836171
130288
908287
17579
133002
879564
288068
49660
805578
912685
874941
797307
225102
938349
662460
880974
376169
370155
551632
743018
111437
280979
223796
74815
843771
750278
98540
351814
303305
561849
830318
139476
692136
254956
673406
341489
134520
961473
391148
456449
390509
782441
253755
615611
720789
916215
496584
613310
802721
564567
356327
430509
361897
96474
21675
205667
363103
636566
557481
666408
198414
904150
322235
406901
159105
511992
748390
809976
989816
655889
266424
380324
438329
520179
995934
159118
952745
8869
288779
271817
573435
161457
218677
935332
257931
240351
657350
621033
876916
731182
803792
591682
635331
126026
998582
794436
154369
263323
120763
144184
919212
387187
524508
357540
423717
36793
33009
376461
562014
838139
164629
135448
999596
383305
587131
773878
623655
760833
394910
16922
492014
715054
608603
127345
357431
123537
438132
511800
903211
558894
655983
338774
462432
696842
212666
886148
249987
245674
778960
812000
83813
943588
463799
599760
843244
567282
373637
983250
328114
284898
172
820127
999951
125126
463823
873734
765014
418306
385533
184577
977200
557867
523350
439631
254709
736015
842131
21047
498041
621090
833046
98205
81030
296844
697964
924273
380477
587952
907523
708590
872849
424046
45069
389152
65523
508891
262885
830537
443549
164769
15113
420748
722635
54814
376730
493695
790829
735212
31093
288869
356302
864138
387073
953683
677334
601388
394307
57810
189339
818181
282752
578539
242226
327820
484042
824101
353062
746926
654637
796610
428046
186101
733709
667033
240914
626791
677079
548094
362002
708172
836962
234655
572309
740386
704689
765994
341773
98996
340156
47463
917176
622907
626002
675754
467078
110043
499854
336491
373321
670842
133101
801366
856942
383161
468398
614207
526303
661829
162301
888305
370000
515614
639311
458660
256000
344000
224654
114124
959347
81161
161587
876522
704067
303940
68627
687496
413982
568480
23986
303654
239321
673438
105020
612614
56599
89769
743173
582901
751597
905473
987557
637948
421086
143220
96608
193437
3571
321261
307561
962917
402421
469147
355790
622839
773086
424417
310334
703419
509248
334319
7073
264921
7757
628444
393886
580707
234564
137058
679959
502513
42530
183868
140460
979968
327087
237067
173404
847009
74679
997316
809925
993451
982814
682066
616289
272251
106482
442974
975670
615730
293645
499094
397002
817753
643889
790887
398459
878452
927945
594769
380964
486826
778636
37776
983145
622074
274842
672901
985434
865873
670216
795358
859323
169382
477424
991964
441632
100257
434937
933653
232338
244933
949098
629339
62685
592986
420226
977495
471438
864522
572264
368753
867699
867251
406528
850844
5677
197722
523744
991110
63594
710311
302820
439268
879692
296595
431231
837676
913203
382520
771328
145541
627452
236778
291231
690137
829763
227808
183983
817552
92329
756246
702657
960028
139849
109184
810871
661877
823257
850966
169338
403202
77628
988509
842470
957320
285103
273700
311347
714658
172571
82674
860198
800023
319451
151428
6511
665566
379236
190493
483117
987916
463091
185773
947943
119291
811309
275165
781167
150917
642482
466856
554119
720110
455365
396588
193781
256819
186639
505127
971476
359210
104152
348025
675584
423603
499453
682094
605520
395040
872586
604988
382955
852028
307113
847250
971318
118421
638766
268836
785689
281248
252044
339807
517709
707408
252746
711489
480578
439385
216615
452054
314946
320766
800078
990529
260720
815882
188974
866239
727273
577911
987579
110228
429939
294691
473829
917608
413111
628946
702796
198799
910193
954839
54958
427901
662246
307703
655741
142823
263439
872355
111228
94736
709473
427658
601616
970192
243539
790589
352783
970812
368500
340361
597391
314790
635051
587571
232397
564513
216516
935192
279663
643061
406382
850972
587313
68627
158675
243054
727802
938465
115408
355381
549553
341232
783038
151168
311424
542929
941757
180558
513740
826608
37270
627482
141397
188672
731404
890145
269536
947919
341689
549198
590979
748070
400170
178292
333049
75196
421345
577202
530012
53104
932582
79564
394336
715620
230732
222111
258548
688840
919020
288639
515447
956289
432472
173195
661312
163875
63339
930847
111793
921379
996396
219124
185801
912917
913767
518849
504464
335111
96050
34476
904566
28631
630391
815253
260602
377474
553715
519149
66313
472734
324139
98111
945374
756610
271305
606685
920484
850996
53883
548629
288726
50279
767752
474526
963195
681518
993374
467659
532980
605775
18486
953897
150758
648876
769150
411359
542702
322864
446860
609014
311950
770998
223477
257323
43960
494781
380360
480795
862128
434242
29423
150854
872
313526
141731
964067
511395
135105
948077
44374
257231
966562
998271
407988
131789
283772
819347
674490
122987
782558
283504
434936
69907
506980
208611
113866
518112
105322
111013
896592
539563
140435
47445
540435
970313
705527
20853
481707
840631
968929
526081
614214
935490
40703
22201
583630
324474
357899
258120
963812
140456
57975
398748
210363
81306
123710
840580
599417
229031
951592
12360
284945
608379
576156
341731
578691
281683
362583
60397
638665
331511
586477
252878
783352
143531
275079
366982
984356
149329
141453
948168
289785
199427
346915
16499
280732
470624
373430
396500
216006
841374
408860
500950
449752
985015
842681
28442
266697
205263
605190
905362
53126
708019
158239
352829
851549
949669
236162
835905
98998
377614
784072
905134
577040
647338
437984
374123
634313
327765
286975
850318
169138
695834
351267
618889
197200
710299
163682
463897
915562
768872
885610
485039
476890
560200
354219
844790
509869
590381
680694
125218
967994
981117
546703
61386
144806
501038
951860
779118
828802
238834
145787
997940
451019
13406
133180
648219
723704
296862
112115
155617
582085
514076
157007
58974
74275
511226
420115
584143
101606
617161
225712
585951
598277
288766
163688
259435
789803
631900
554904
618605
870733
700691
132896
321752
230448
266075
969970
470503
562936
598436
142472
145020
112511
299478
720345
186785
810703
140460
287280
428660
757620
29343
530963
872248
318109
694650
648034
624263
842901
202938
242867
713634
419980
892114
551737
650427
158189
38058
637281
237476
636493
779752
898848
265355
595582
619192
968491
922636
276003
772122
351296
549974
801465
398610
938574
635925
609611
586607
260187
452512
789544
19406
166145
725875
911519
234233
892653
586059
272290
529934
823535
425134
309685
722382
690488
905266
857925
658978
827902
650280
431100
695549
716605
748916
94158
655178
384840
220120
758137
161378
672631
64032
697135
355127
789907
608654
589359
682559
711064
861648
212492
534598
286781
38529
773331
493620
460146
147608
668950
804399
797887
100049
16299
514491
365316
626808
686021
266507
846928
444157
427884
519558
508188
125019
391037
814446
250024
980395
497005
961087
358395
225848
12037
161527
264376
301719
171499
240874
449326
840448
45272
763564
456848
61571
794407
822163
688378
480427
88669
51657
440935
32904
87567
465474
674274
478603
279920
440649
975349
776924
401736
850095
519123
930124
527974
783499
231842
699472
24372
197520
539919
585995
961083
513118
163917
271841
335280
368647
752267
940300
420303
709553
489555
507869
175027
163829
502823
971298
604477
478172
264573
522564
328266
783695
969039
372591
83545
717233
72062
624268
914752
128332
210263
392186
641449
374179
664027
493080
259177
932645
949731
679480
642198
439286
703700
333576
603114
206523
821225
723942
684694
85797
246506
529311
869491
731896
901902
953036
449128
490315
93655
363879
134999
303917
756065
292799
194448
936443
785879
453624
869087
735609
649455
27636
174894
353155
877563
294359
559677
698787
18301
760722
300935
781158
806384
686778
29405
708285
156165
478533
714952
249819
358763
366302
553736
631179
659100
264535
567621
961330
234510
436708
696939
883965
980695
388184
753471
858258
198895
313147
73396
733547
73868
374331
31056
880251
61108
60460
104888
217272
538992
336191
983442
897755
702492
53529
528933
361591
318063
96554
322921
552573
49613
536211
952889
546659
440746
706359
921268
639640
535857
994664
889538
126076
885346
920593
522678
462805
981053
143917
196428
36396
480107
179869
450502
698950
233398
979435
576893
67812
592340
416165
136736
158304
952375
89624
221314
909472
312334
142582
65464
848190
653597
955001
974265
55294
391946
496943
518098
889350
640859
230877
925745
637318
927097
376247
336267
676846
872033
913159
744658
980724
329323
881393
655379
798049
487369
876692
707521
799702
19273
289336
647892
189221
244336
138508
244514
152633
635450
278963
41982
792661
26191
967727
429978
953288
860325
282596
630133
248709
195755
891142
229432
41429
772535
884810
839478
776255
761501
63350
575956
297126
352685
740199
486346
113372
395059
730860
266005
546860
526174
824338
339520
552365
308416
285849
505652
168740
568445
652136
417448
764199
543278
163231
321979
832164
48040
161456
608418
325893
741157
700725
623018
610193
957276
625715
723565
352334
872926
505921
899193
399100
846610
755065
951464
155026
557265
973467
840117
125709
625602
257565
406259
168879
937147
728238
1042
501539
406045
125811
827431
147202
826536
966800
757394
783811
592514
997310
652496
465440
19582
68040
380891
866192
823104
332354
537569
380369
305820
377685
22429
447773
151601
428688
616652
88748
673277
134045
590286
79321
259856
934068
742874
86391
417219
16620
386553
9732
13929
39048
991523
549863
623439
888765
932406
446543
221118
469974
343263
43289
364010
365691
491062
515611
310730
624065
120710
984006
758109
710995
63327
534316
161414
806200
137058
578632
822819
39962
104715
353100
595361
612590
419314
218800
501354
868071
181694
722472
854396
524956
282112
218405
406998
289525
250367
717728
913589
371076
218085
188050
82070
281411
238717
759835
603963
375775
338466
943133
415736
443181
812584
11097
55770
748249
746248
73475
616319
927941
795946
470714
452896
594410
205471
376245
883934
455837
93972
313875
826913
828409
501924
425334
626171
740640
185169
230133
632766
523634
689618
564854
483166
18553
92302
55287
766802
838549
128762
383120
766489
441059
370186
219384
35468
575656
111980
435754
31492
205952
749628
858404
550712
251551
283738
176882
508542
468906
923367
141308
508891
612984
222513
508409
631536
314814
563695
914689
153362
208808
297809
919850
649867
667994
655585
201686
243649
767564
153791
791492
489867
903418
649896
40578
671320
449985
217460
696214
435242
657178
353873
944132
270161
576385
452540
418048
891198
532587
332737
44559
257746
146897
964408
907612
331242
136344
625650
574890
903907
779440
366381
393774
199210
532628
950703
870529
498964
684514
566742
934205
341691
920614
394689
128203
13350
363580
62603
904547
896166
911691
949105
153912
58587
429864
577875
389828
566207
719876
481069
986466
15668
363801
896591
214877
896429
847293
601757
395392
531807
168499
845949
389849
605464
240637
518052
618814
604216
580654
39712
16734
492344
505169
170645
67282
451384
264871
457109
17591
501099
454529
520408
516766
818329
416998
731642
231109
780642
333398
142853
828800
18248
988801
218649
140064
229437
736700
275229
350004
833705
831292
366737
326048
336460
53733
393329
787844
318604
366789
321786
819702
821317
842193
852819
639645
775542
100812
870754
556183
434209
529958
901335
968809
518758
119983
625224
264546
373034
416804
614549
206738
248095
981286
532785
100907
551370
442465
888750
869973
809253
210535
206026
630569
569079
58844
786565
860972
159655
173670
933506
110216
703627
834840
595376
222384
954822
736951
3281
844207
670106
617830
50944
918200
115467
100080
19106
666836
542544
424207
53161
351796
151093
775538
498716
236523
350734
285281
97494
26740
458950
31000
653307
162577
865839
248682
901312
337013
501984
904593
697571
172089
38774
748515
606641
670592
848594
142098
853779
907490
566305
906939
775637
717397
198829
274353
953920
549562
75985
567765
576301
51286
598764
229608
730214
980955
994641
631526
834319
12977
52470
531889
185065
607595
280403
791705
794538
645349
933803
648316
69190
16459
71607
844826
250207
270435
635530
720478
819996
711514
288243
912648
279152
403358
658607
9365
384312
653248
157242
734982
666224
726063
266871
367640
333657
63625
675697
128194
708973
125851
292862
778162
142309
364468
139340
908867
634902
774869
629345
971249
2735
433939
883896
281886
837296
542503
807602
737960
712102
964844
472941
894677
690906
739811
262316
540915
319788
938012
185460
28760
63862
478321
323274
722522
842788
978965
631389
994041
270185
260733
965289
272919
211023
365537
71156
564670
908039
878758
302629
620140
359953
291922
514816
50858
548084
293483
108124
867871
231495
293584
412983
811708
288256
252608
534230
131044
231572
165618
125084
501756
942702
606725
291027
670076
972261
362182
234745
396651
757291
537374
533142
117243
345647
564309
684453
893730
857791
792576
761601
89285
602511
690935
417345
890767
943542
951574
538162
175113
633543
179597
193220
576244
786321
484246
246319
758581
846428
997415
671583
603718
534788
204724
237313
396786
769032
921765
290516
626823
230692
568468
232459
833203
775754
649803
723969
719295
117728
262130
410759
751270
441726
603978
843865
744399
88224
606535
19331
451003
603950
690914
571072
655089
895637
808384
51875
664669
246500
858742
807843
477192
943561
40301
310394
719314
206456
550714
438608
324183
812843
365718
591805
770920
969695
435669
515318
574270
42204
534649
541624
646153
225562
629048
301241
637550
953783
353115
302218
200283
728208
626412
677474
671768
183065
504219
391081
389520
54932
346040
230054
384126
711757
821858
155045
197804
773879
186715
288425
816082
721363
830049
978586
463276
459096
279826
100825
412878
149293
403043
129512
877500
545806
323337
549268
728870
343907
456700
634741
398838
802740
864795
299315
30848
203004
454360
745003
493234
641074
33428
309315
878788
379828
287900
342063
838923
84078
442887
768152
233370
362281
414016
627221
908087
737352
176488
636956
81259
149540
271697
996448
468631
652843
295763
499478
372198
266474
244481
865432
423899
794260
691098
819038
174087
495350
161100
529361
579427
603986
813864
329148
482619
227879
956368
390705
481583
649208
544012
79193
315099
332060
75640
783729
501254
887754
799558
873452
670579
560390
255235
94477
354649
462684
913514
528735
958033
590965
574447
53811
711303
388311
899310
193921
132541
855678
584625
614123
21237
644988
693315
336335
977048
285307
636415
478301
173060
435972
868104
359991
996362
639690
454467
351010
102374
884333
396097
576758
475297
970543
146921
186599
875205
46230
380519
7746
418259
481495
138220
439495
642835
347887
292181
619882
633193
928595
614534
322604
364567
998990
682594
877280
638679
653413
228289
741052
537745
140737
834162
529393
627632
981082
715992
502836
27311
612862
26933
445570
610709
165153
401416
253543
513039
693597
389776
662583
138543
4309
985186
19461
3298
184132
896740
641977
837544
641381
899380
375288
782117
249893
904680
409748
230974
137023
428936
258285
749885
455868
220206
876945
137372
621621
130487
650410
831569
520262
312992
486464
40922
814530
505924
44220
998661
919016
202548
836204
560396
618279
727843
342512
868172
148874
268612
99145
285897
213899
873781
552133
669766
93986
429077
323490
231959
75915
490251
579879
596176
803243
66342
637097
134124
88618
197668
132784
7633
400215
485339
568028
534846
729533
426891
403017
878406
211854
18513
680654
425752
892294
749138
611870
502631
178214
935359
250941
254128
425609
830820
366655
745203
413513
520104
879326
502130
717771
528461
26114
634338
530151
594141
169183
259683
537384
88551
654441
749237
107063
335094
174989
999356
84232
786858
18339
778797
722216
269279
549277
664176
100098
915931
409379
29963
952386
805056
532092
186509
333517
558206
820846
380019
668698
506380
639702
206081
594930
294142
471670
701992
145587
646658
217700
229818
433515
236038
524967
672082
505316
74243
336257
121766
506525
261987
151728
458911
67043
200171
645419
916911
274728
982616
296929
459778
488995
936630
665858
600276
747123
137527
302267
409062
300536
519966
155231
250402
272355
680197
922483
294023
270791
775092
415788
777316
37078
83867
752578
104120
284037
914348
537382
75117
896963
834311
534894
902309
287292
717103
502584
34415
370982
321202
443476
671517
357520
598706
921919
629874
795255
360753
440248
66045
652196
856035
359712
689274
456253
112289
309745
740290
542988
847127
331758
439950
197789
866651
858610
485080
583753
877545
519494
954734
198747
479321
142603
72618
594379
64521
218843
389633
941625
659091
972029
593821
31477
331741
799446
487730
444029
625542
228019
987017
989020
559776
943318
186808
942778
318280
671888
526530
195824
191381
997616
910922
187054
140218
499891
297784
721090
718734
203768
662714
377824
175796
256534
409300
23888
572331
897029
467917
197873
641399
971285
186892
717526
430954
373700
660303
265585
45587
703185
977761
753319
700800
405034
456724
357369
904925
754507
78458
623658
958274
741171
1481
650422
514057
927132
674309
602739
340513
658577
800611
981911
146213
503855
215789
93519
877554
392443
359103
439492
95627
853215
192810
312778
258249
165886
670146
163173
920392
264955
303182
395018
522478
821014
45439
36534
748145
236099
155624
88657
894676
956235
586920
40888
460089
802708
650758
853994
711502
9861
293485
807129
379427
2646
636258
637675
168531
822756
317199
605275
87710
620380
292
610187
441393
562082
163072
705890
798180
318696
310898
209207
791282
897817
766447
767722
216876
417204
621715
928378
943416
431551
251858
322843
434196
404467
476869
119079
227222
794068
724353
831284
414447
724644
441470
372192
286725
120894
78081
601256
955941
388978
810463
747222
803147
576909
31295
536374
510464
653009
464751
453880
600911
232960
293074
35106
637427
769942
154184
864648
564009
878536
695931
494808
119531
653753
866999
922607
774646
461431
40215
246938
366760
850677
994159
686258
943937
25453
222632
970752
194813
687382
424631
795723
920342
717704
347180
74120
487646
17716
455119
568006
412603
151050
62813
532134
321154
446163
971092
612151
423945
11306
859088
790705
378334
853246
993314
838622
395050
215945
809374
106214
903327
234004
418288
340020
468060
765467
930491
472057
783182
385609
556414
712137
536658
619227
760622
374163
581741
731713
986313
522038
259371
845400
829094
154056
214997
822407
992678
610046
38352
802051
232611
458030
552406
650898
314401
536817
932717
244891
8873
232250
630499
565287
944386
683509
700865
705007
57671
798957
953072
43984
320994
212442
405735
150087
882849
620732
972494
875526
747129
527197
193928
979740
985226
746334
146989
299626
283150
79705
544516
808375
311955
175014
890013
256340
374874
107229
477699
432545
422537
947122
992880
743531
159563
914966
409969
558763
535697
898814
434289
799178
426010
628216
778917
411235
890901
925905
710860
174051
521962
771727
498777
833916
463093
905141
606607
837966
12369
84305
786862
951257
31426
296093
694787
707340
211059
621108
266103
263107
519921
216743
62284
462283
844958
841200
873517
735859
283457
100729
426261
805418
872455
441389
155685
335547
346529
762291
689865
875249
362948
476726
826505
910725
289171
37644
134417
500229
175103
916871
763335
211375
133613
341971
673657
494922
183170
63526
230780
982978
164254
173392
304747
553060
131132
460431
404959
994012
739074
94823
869260
102021
87900
212117
529097
893422
766112
663513
393650
457566
580383
673337
668940
713995
15307
342597
208917
714828
922474
956048
214158
603079
645792
518904
156138
776923
495687
561096
770935
234760
172270
156546
853132
776522
885014
382228
669943
167477
45741
579945
625042
142475
769633
810334
856470
301291
152930
581738
532470
591755
54137
746627
194833
699928
781883
350970
476851
277569
428418
764137
28680
117039
437034
881811
409912
322048
780390
596207
5876
342482
176151
630918
484957
462135
441251
857778
763425
110532
439515
295894
702286
493651
558873
413470
709931
340755
764439
703133
618323
709208
983621
163354
342599
420654
45164
752510
259053
341905
348716
264929
684387
41218
412198
685695
19704
853448
543472
783128
480331
499338
595374
698968
509340
670598
112437
735622
11352
393227
438754
146026
618787
422374
309379
961385
843028
870894
230246
618432
212798
95314
883360
413536
136531
295557
99230
156235
665356
159053
455714
662038
174742
567439
361005
684082
754388
989793
936055
765739
899372
374809
428116
518158
797182
253846
995894
156561
124739
226139
774993
337537
321452
174704
267424
974335
470261
366654
646921
651968
42058
618986
314006
216800
702777
675010
417233
457164
181155
353287
739255
80526
728095
683722
115035
41629
937568
110928
714541
62306
853418
5885
916194
691222
180589
183618
665556
167201
66623
828828
819168
108680
964165
133173
325479
183293
324535
742711
156809
505689
95998
896063
102566
340444
579784
217600
382072
33703
844879
96613
96009
698296
102497
528554
389517
799437
712171
571424
966637
778793
916603
785805
403825
880768
435329
729303
64060
276215
988366
220868
298255
84363
633282
400820
424806
729418
134771
323230
763120
979649
936194
375480
677945
555042
904034
583813
354479
132556
155237
321115
427701
588191
623271
831525
985310
574952
560827
565722
851166
549192
786589
149421
149906
936223
66592
91064
181992
717715
414293
461463
697363
350486
836943
891659
905527
740976
475472
260005
873531
147060
97472
301231
735250
237094
649107
720560
812045
209934
286281
179563
275477
589221
845335
941735
41795
428278
32798
223786
145992
447090
685249
843355
313927
38543
735013
219453
779518
726836
995810
169400
390247
93281
986983
125497
330374
636089
362408
658771
362374
165040
838333
154203
270612
683667
612289
312407
111944
645086
52544
774288
608527
254144
617642
922453
292686
869006
658257
588555
112194
654066
274307
502440
747346
261289
144288
594072
413729
506695
769194
292455
188086
607526
446657
458698
807544
575297
771104
435839
220382
339999
210126
345260
594143
344119
784064
886828
213125
442320
991735
841670
96386
266041
344109
360083
527329
488397
470506
457409
511443
239699
749863
699529
363576
712871
158226
687471
288167
445681
123310
24900
785679
849787
370159
379821
193906
154222
783001
923382
112894
774735
281403
725631
40775
625511
602065
84455
630259
588923
541863
141702
828621
808078
357582
708549
520948
515807
396019
809115
477839
35680
350366
263517
401819
720525
159690
112076
391098
942690
551809
20343
233776
833211
745973
274550
975073
348038
875356
605332
453312
417218
263385
798284
225295
620966
506832
262595
136772
419203
588061
614610
971234
938426
394478
889404
658950
554167
1479
566400
13208
69639
586742
246983
902849
849067
37884
877922
713456
913239
999605
166767
846809
262989
965050
588455
883954
471882
851049
537077
407436
439109
668038
895021
893887
62515
784425
69188
133034
785903
635587
662593
855542
738681
425928
274742
587747
463811
669015
301202
377050
668619
467968
740210
447959
433017
328664
331912
421250
696065
385340
345037
135173
53377
240058
545411
632244
24482
614599
281629
326736
766537
460573
698629
505217
886500
973371
92963
350311
158737
394164
243712
343708
378483
983921
791666
327852
312584
639930
749101
8648
25269
94138
660173
594998
850547
721935
743593
875028
336533
541573
718115
103070
2145
416744
124638
888645
906466
217601
238955
65202
128116
999018
408909
22951
982938
716927
350802
811873
873208
99902
336873
414828
710391
513397
526177
77289
235331
269769
952316
88216
327693
670431
191285
329838
603526
315922
734834
509991
49874
490140
91544
694342
489157
16805
717292
988446
733731
68093
800318
606938
684346
653542
538117
911089
683290
64294
988377
918621
334062
457045
6836
178107
643827
714472
507944
247352
546745
759129
273694
112971
249268
365237
807312
254776
382041
524603
243221
632123
109047
559890
755412
793392
213432
293529
220832
896721
357822
209209
331693
208235
666253
854880
386341
826431
85703
410636
73782
632448
169764
863827
261770
935383
229063
69081
190158
127456
110035
433378
275930
219081
509620
31342
528824
723051
841222
749656
136123
199043
475216
984168
923629
657820
355399
309970
484250
441102
236957
74383
589901
923073
938209
851670
858455
683623
437102
48613
811078
547136
998342
87008
282568
507961
634701
811391
747363
475922
77398
399838
674964
552613
900357
114944
210432
255755
424913
694681
696856
178222
769063
803108
101294
223623
654777
959748
907246
608230
524712
718323
155365
39406
321682
954284
547366
956382
282027
811081
432303
359424
210918
623618
912037
111274
738562
638820
367028
163474
849853
580236
858047
135267
383343
959340
358890
554472
435440
266135
162701
476503
500809
834418
515908
822491
305053
579626
778872
587079
390706
211175
946503
601623
834792
374891
229248
573353
530062
596275
253179
379914
692862
111225
515181
592557
586917
874070
147028
538708
656556
826080
531562
157364
176849
563822
979854
481902
143447
758726
68980
534152
969900
531834
652126
321043
906724
881373
410748
436786
993999
663926
333051
686861
291502
848231
279417
394770
238652
942796
449829
895207
285227
981391
52571
462076
545212
32424
943977
205010
791149
529308
739161
277400
61142
907638
114795
484217
305362
525542
437354
299360
189467
770405
502572
997320
134987
298340
392090
373639
757487
841918
268845
42714
339660
321415
504789
401223
353839
965117
606232
661339
10776
861744
455091
588269
769381
569885
72486
74742
611778
26191
890454
317596
796595
909377
314915
447934
724069
223356
821572
481555
581626
606768
524268
921285
928183
545408
322508
798373
26876
928739
976063
37652
790483
947505
625920
76215
517389
214757
667309
645518
240948
74114
963113
553894
983490
278028
1827
223910
17735
339750
705465
599360
946518
746084
520645
874700
291492
843152
189424
318367
288242
165486
872370
595076
112991
498290
671291
146731
713046
854951
792249
470345
929064
271713
24239
428905
66092
542417
652815
83827
882167
874631
683186
828684
620714
203830
219735
428557
563333
925510
263276
367927
90995
135645
963002
720337
150286
150644
383420
863332
5594
692020
850028
451009
963732
874266
396266
546176
933035
49080
630002
815201
440062
313187
160236
60775
33369
896322
5684
113053
821831
268959
480979
429177
404603
960333
149514
554889
110976
49285
934572
632922
741304
784599
83930
221387
175217
996547
767562
108251
561978
913915
439803
2039
227102
116390
579166
776822
12711
584849
889874
350893
853807
887205
780069
258409
847537
445934
329649
474864
495218
264220
107785
752873
565171
708067
490612
256739
704613
258173
881341
266591
688440
837495
268629
915541
953884
364146
208714
482946
948994
614939
833838
802800
502143
613906
577561
866031
59840
907209
340895
71409
687781
965031
340634
252951
673097
831245
509689
377710
605769
391029
160652
294208
228523
945632
726100
698758
309778
934813
181703
258771
549752
531892
61571
568246
662149
639131
950629
721988
62691
291523
309749
750471
256553
650382
519773
446002
481626
29461
340063
603746
936841
500714
897954
681715
446345
624053
896824
756122
558866
78526
531245
624969
126769
109167
709566
788918
748297
660194
27257
327339
468068
337005
77810
240973
503738
597582
686974
501715
143395
27036
105461
596587
527749
3414
278302
490445
143818
175125
762919
702683
770003
294163
844003
413123
403329
553569
202040
667977
730114
229297
995315
198182
82653
589476
439154
586391
187058
642479
604457
846804
669514
709917
443390
713614
713330
238043
720410
373500
413168
483328
76182
699522
293842
436537
112644
213522
506457
831036
397850
236570
60332
393165
951103
659336
498992
906608
762078
202401
549086
366535
49204
218599
76451
8946
448564
306133
246988
168974
679632
176507
652301
272165
876028
462495
708701
505024
676016
731509
852411
73866
484431
912742
983382
435533
88429
998725
342141
850507
201126
407578
217041
766681
626177
293491
775626
74740
115975
22614
760065
795606
199120
412366
584123
591500
391212
292823
612875
67227
540684
465285
657444
25114
894378
157177
976998
982806
155902
835490
833312
357027
243068
566704
123707
385596
860195
415685
976687
492521
438298
736752
288127
637417
665469
872249
745268
56680
681423
358142
640258
738458
823426
297702
763571
717803
971230
256921
700609
127131
92410
50272
509
335477
616976
640568
237424
993522
56252
214111
486042
494549
950862
290520
648317
616330
679120
393585
189361
876895
268078
829618
615352
91504
643671
895275
325658
614901
152195
26266
258383
244604
592890
258892
96433
209865
899459
333856
719738
955710
64318
722131
966610
15179
12651
131278
147860
208122
41214
853572
85016
309292
199542
216720
917147
843212
111994
242804
974464
780540
785422
232847
541495
378311
491738
637927
104527
907548
488135
340616
379609
68804
62746
862570
600335
591748
993847
748194
799870
551413
118118
401237
860704
317659
617956
294202
160870
246301
537005
651686
26840
322426
884532
568335
217088
892621
722613
321614
316520
727099
662229
696128
795903
241327
75049
396237
833074
68895
660782
632943
136659
778899
34180
997362
96557
168487
291563
773779
931140
344920
425464
957979
667345
826347
42665
400785
235319
281630
238750
551838
8728
417331
764317
320982
658657
839365
233570
491730
424611
894352
124673
561270
189602
675204
558631
802511
360042
366546
576289
291181
227817
518104
765512
895161
860802
324528
812297
96120
122509
51047
164309
131237
468377
928625
968570
127033
767989
202140
135114
192599
612843
776138
753868
802444
967693
828851
604954
327735
711748
697594
135267
939564
215697
417130
351076
76498
741658
163373
688969
864166
730771
853277
511754
199147
781901
996676
842531
66241
198815
977644
775192
811657
753782
529059
130452
721474
874261
735406
565560
102360
432999
700827
41923
165048
117956
909351
757897
375965
72723
446866
756483
319845
816494
268236
518991
114747
781263
361521
180987
980077
855516
956178
308085
125649
1589
954889
847123
392201
690294
412682
494561
639644
629860
52835
804691
264168
962185
562588
640132
551259
525805
396614
871103
858650
181202
390093
973396
962464
267965
154383
458893
639833
626912
283329
765481
144852
238217
128955
537053
444862
57989
31613
84506
687848
600799
405548
952015
562984
484487
108499
114242
10291
21464
501697
385293
719017
408141
358688
681481
192458
29422
656725
832290
656334
940053
114122
317537
694622
243077
854589
139483
301065
402553
223988
988912
3352
629536
457279
566335
630374
82129
196928
640665
103592
214976
542309
822609
623117
900996
20441
815574
930418
677165
647863
103103
133569
278336
420639
828190
521412
791580
484025
822476
194132
224364
327740
713835
370251
785018
796521
625
867146
509801
157641
487089
724776
699949
309697
347892
600944
846489
163465
47713
40005
327679
667167
173574
606015
604158
518115
643778
395737
518491
466254
106220
742855
793993
336407
113105
95362
132927
113729
478859
642727
787721
482299
883855
487669
308348
231746
604965
154836
911563
169029
194841
755593
836196
884766
877959
440353
402880
38089
352441
921371
504342
975012
664225
814686
311418
293681
426399
960697
923762
421609
119775
711482
903907
3629
715503
212254
751727
836819
883442
179641
5847
78282
451585
842042
963047
845896
798746
882278
883984
667538
803648
388325
642550
984224
719362
470319
794257
145760
431015
234370
83720
550790
945851
987626
70770
177705
716232
822496
14523
599673
518488
20370
677954
970073
378763
157352
815968
693861
39629
699951
361398
359629
604627
3947
860204
323988
474266
170812
986099
421632
405181
69818
488773
867384
573795
559543
45088
806378
898390
575963
406050
416878
112684
600355
386950
491446
274058
719269
185306
830039
419219
546704
189667
23845
67002
566222
864184
57619
737034
366634
995603
142214
952803
484375
9597
526597
43917
571037
849327
458659
146999
255376
391888
776034
372083
295189
267479
646140
14457
969137
476178
950027
32192
182196
490223
615545
748418
354406
673164
1803
237391
668766
144016
190193
669492
669965
233141
229761
757353
82467
688419
420703
854195
80306
196736
226277
375494
464214
388768
906302
949702
381298
856328
981893
79845
346550
597438
828262
217307
786953
346416
454697
972070
6784
644889
641561
676748
394381
871321
950452
476848
76091
371154
847394
672748
567889
590022
564593
548454
978789
470894
498156
876438
327221
996400
956283
190122
593837
300896
407428
380789
647312
862124
352858
654095
23364
510771
847194
934097
898443
313997
927296
974534
685150
774689
647281
769390
364710
211874
317843
859850
199119
332350
736288
526340
328750
208922
716461
922586
509817
640241
819727
673480
18716
688936
843926
558432
199706
207471
492528
98149
521467
419823
589034
722968
194511
752666
492357
559220
480891
810200
935421
680010
658901
671708
206349
987650
880629
439161
910236
906798
79401
246314
580277
98117
935249
940555
656548
134955
148025
149075
749455
669492
85249
854840
908811
279759
607505
401168
355330
88396
727719
290750
768405
386619
478810
491105
374269
875790
930265
800856
782587
526018
47169
879216
624134
498769
819770
797033
150075
484146
462459
899529
669989
547707
754368
578800
343817
878225
979967
699146
966620
224037
506247
251376
610655
985056
742480
501275
860846
189096
302130
159784
715113
865650
555351
855598
364419
375120
652630
514493
375618
115088
930374
45606
179146
201093
140757
522962
79317
120723
222107
45936
861111
728354
813663
471766
229761
556142
973040
90606
745238
791522
766742
460350
657171
322092
315948
537941
213564
484929
568786
589181
600017
499159
151138
295514
700251
291895
818476
295920
928969
40582
858207
790080
285287
671870
261845
515048
228011
751236
122005
489600
59109
888746
949950
232632
727190
782249
770572
940753
267177
339357
46285
383545
354867
197422
679059
571470
489316
497534
867389
418285
54467
241947
724716
856106
913816
986560
371153
658179
254147
9509
147778
313256
414607
614079
545887
141796
396327
832810
598900
179856
172167
645184
79752
43385
358957
758810
614854
364625
772695
482242
299261
827162
724189
23976
199619
154356
526887
570771
812534
781033
96631
476664
610640
511237
90742
672878
169384
3421
505688
768283
183276
194206
929818
263027
237590
805127
538189
368796
169751
310883
367389
469011
654396
607929
492986
854014
762285
19872
941136
91170
317256
554119
567833
444248
65355
658575
117125
751091
661995
139164
35725
361622
849721
481895
624648
603663
287021
679188
972458
456771
506423
339846
925781
160818
947775
935118
531184
226411
471341
988671
317580
788596
542789
885413
232843
124496
543987
866320
391938
722333
5483
427662
83954
371556
909556
224953
975218
712928
420493
947675
169698
926915
287520
611830
87732
751646
546947
135267
978056
18287
640290
295636
323235
183078
697400
72429
823925
241386
938748
215862
480070
460583
159876
80375
832138
585783
305327
323707
298711
725819
271381
984760
169085
75252
596590
773169
826898
659888
908435
321305
678175
548724
616940
517761
248154
314339
590189
588430
72076
45289
320644
68497
22223
480519
148871
370712
582653
970550
694418
881363
212720
965798
382475
381805
557401
979064
154973
384298
155303
63407
705603
833477
128483
838894
867589
892988
669585
457778
997769
741660
19418
318412
326509
41640
315282
475379
928703
897935
445928
623120
295649
175000
105269
678123
556804
662669
173538
711776
563319
328841
291534
785273
678669
936368
624166
546258
829355
293750
520387
343476
551762
56156
661887
878270
614147
977169
870000
542849
391455
315928
165968
687103
490927
787588
881578
564082
450256
55115
275857
529926
900307
567390
315198
95328
20110
939364
157937
365816
749465
678323
709291
817578
250830
371178
695847
864976
864698
565847
407824
256152
398126
90143
459606
405404
877730
341183
485837
844337
912650
761693
374263
812956
845434
205812
424635
865543
145175
582571
231359
410992
777245
457001
228569
28074
828178
440768
893049
209227
6614
300872
465378
921091
907366
924984
842846
785095
782518
328682
629432
695167
606726
520046
24475
968511
725857
965461
834054
387384
548032
581764
798375
325276
38764
543295
353350
383294
984062
762750
592520
507027
579974
574250
944469
487339
15585
303666
272434
798102
632347
418217
9621
755424
454614
550447
723935
180470
515907
74340
84205
580290
172455
398931
905566
727570
942226
775267
110863
442639
538016
219735
949666
634341
310336
894134
121680
325920
197800
910465
640373
346498
845033
166345
618274
299646
233143
342208
996467
265402
416547
80672
845691
589001
479602
751256
316570
938179
42874
943785
380818
97242
679871
846835
731582
990206
257320
369613
832477
971471
280077
989201
317969
125109
155546
936242
941106
905040
794801
937573
170441
211347
18244
16132
316699
14197
283739
149620
952376
326613
93404
849545
940206
773274
696379
671787
279831
953698
557752
112307
925169
354180
101508
759489
479289
773405
212082
936746
678444
6882
874318
848885
218228
408913
381368
51278
423110
665106
200897
891837
508070
810653
257733
448275
100278
954111
636414
380109
424160
194165
8767
349328
548344
626626
108816
543984
916382
837249
480730
111178
844130
871399
476414
578709
280312
857781
629986
219773
39238
347235
627961
547308
157887
885693
511934
258164
839803
148347
154624
263962
858863
679743
129642
923559
822720
754809
467542
739102
592058
464623
850279
436187
336022
843044
531248
132685
700824
161233
868809
740061
508467
496769
803720
182705
382461
315654
957221
738615
980352
628196
518928
839215
307938
648569
279125
130658
919730
746666
386111
511787
727641
752741
464325
580014
595784
995572
229050
296607
673157
97858
553019
697975
594626
873091
397032
977086
705096
354252
232052
685447
982447
750979
41013
806737
399548
320137
937394
835629
583155
839856
347415
827147
592596
328091
407160
704731
840015
636209
517689
513171
250418
70707
727497
845043
460149
124528
338480
165244
478779
570531
367043
977578
321509
924407
784314
237408
244544
238059
73036
344050
594266
936802
171196
186861
781245
94707
407943
621259
247267
925631
650781
497684
512689
894629
342726
972838
19157
197557
138081
14287
768087
21475
508216
605947
945882
292529
843355
706777
46939
432742
50826
641204
885896
738373
344416
667140
349431
752358
804750
596697
677988
455530
610732
190677
350158
469809
679866
885666
667365
334298
899953
951803
355773
408168
557749
301654
217049
917455
8430
780339
350197
575607
421543
236092
830331
282310
419583
696113
551020
224332
809161
229007
196213
419892
936035
546370
406052
615900
948388
73416
466550
364692
25218
822322
289211
99318
640327
506259
16773
165108
802950
883321
740714
740844
119412
87396
23153
55346
299860
574172
279677
109020
319531
475889
45263
771917
538610
451314
904169
486997
524729
370718
368040
66298
193039
657251
165615
833365
679861
698739
998472
482810
582059
255537
223653
217822
859284
246806
273167
159143
337329
552843
784514
173211
545083
829776
945128
600045
281089
365648
603393
322169
736365
971433
904818
445755
628683
70432
795471
308543
285523
310294
307705
867581
565830
531357
85403
941465
294514
358569
616959
148195
427764
401472
321405
972846
747599
782884
572890
545039
148531
176283
867207
401247
664067
772024
847001
292749
358807
158823
117643
644329
469116
941699
28262
551297
473056
113664
9113
283921
472232
626071
432115
899995
543894
269872
389193
291492
569107
478434
352882
233990
171068
220088
635236
835134
508463
998589
644234
383622
157411
278229
544302
626527
219927
572563
694175
209334
686226
703288
493255
674810
329358
441721
91156
389604
227944
480348
197447
797051
475134
550329
31040
646201
286768
666275
481335
795231
181215
125568
695204
338626
403796
239505
481504
140075
328420
692030
349408
530997
395317
842662
722158
241027
800735
813314
630630
28678
810013
828076
825728
285146
894756
373119
447699
181524
555746
929033
976754
736960
570952
188309
591937
491100
944165
589792
631174
272584
281822
980581
803581
193490
339595
525738
434516
656681
855403
581497
685358
181768
925925
27438
466913
820680
916908
430963
2203
472653
359995
495308
725965
447299
683616
317901
454750
627781
424045
85923
416716
705866
582855
736648
415707
438801
778738
850223
95481
634140
431719
780839
815907
357643
324628
799172
694675
241535
230134
696877
714188
106481
708537
956504
70131
908504
274404
524880
536284
214800
127154
469352
437017
710008
205999
852724
665161
984736
702946
760641
135228
651016
57831
467486
525011
898810
783009
219685
140345
529495
432913
370884
152327
141449
327387
222457
49953
118142
263688
102588
332942
390841
88291
769958
100848
294290
139033
282360
795377
841978
43001
446956
9346
617183
430794
534356
515993
213802
270392
172689
259648
703304
543572
411974
844753
387310
150782
411057
505451
414469
29996
354744
805309
118287
641054
422509
928928
780086
221220
724304
622064
264220
687612
147761
397755
118405
682116
913747
848558
468859
86435
108206
172162
146358
36531
533266
533667
703665
460674
555469
634485
490670
910213
956146
608956
551266
378654
537883
331351
599873
778538
469766
380445
466149
617526
294551
584553
815993
208297
949463
284851
811083
57668
973365
473792
610550
506630
523810
314214
483656
79278
465051
974325
505842
421196
99632
57107
799849
637514
904810
916073
932403
890927
812869
398552
24805
107419
499456
357149
832067
448918
642000
159501
22937
131716
633292
149839
154697
157101
980404
638352
752731
445454
612676
258572
866649
712307
832031
182849
866172
253192
98922
798575
144118
428142
713478
168922
51913
212933
42423
883979
178203
200774
559832
717491
332489
709475
867329
487185
866576
847733
641889
135658
293186
254564
394229
159835
483223
742611
342683
865746
995802
957956
664320
139920
902450
894149
825193
954362
623434
867615
354692
801636
68388
914523
519126
917228
623998
902807
920765
6925
750539
562653
142582
43724
817216
53162
203558
816790
795773
62593
682536
791574
20548
863207
447845
922997
757356
789390
393710
380789
657004
748402
698776
241744
179276
734253
675323
803273
637059
596087
326549
387597
158739
985482
947673
975955
38644
151230
309096
350768
730174
991631
142341
750722
854838
106538
190070
128545
895927
583780
25685
69282
848533
240812
827377
27808
491416
502700
347433
644827
98786
673981
32423
257525
659463
496447
749831
698106
164029
58926
565225
894202
50557
707565
161275
421746
330454
867697
66642
226380
967828
608678
812014
816360
849489
639390
844167
340904
142089
707951
985730
240875
381932
534505
498399
41394
547303
248229
255851
711331
307154
821075
605533
874062
44991
283159
812159
891797
150855
878800
118176
118682
3829
930189
935041
853317
85931
295560
710573
228019
3510
212654
468893
385441
263510
483643
943186
810813
248223
715388
522143
555377
52814
644027
945790
614157
927186
757949
505953
78040
153100
140480
196722
156929
587021
131762
526597
672951
943673
753521
900969
947183
966175
886214
848975
229684
369856
308513
40496
618079
540252
78991
689807
593066
723017
151948
723574
650202
426248
229526
728242
95700
370005
924963
252628
473377
573076
295576
146327
33101
49097
47296
980283
531623
449861
345609
761306
819716
170473
318154
954146
710725
397144
643952
820142
120160
312252
543715
286714
738499
773240
14955
834198
659596
456269
603177
649325
545696
898753
795651
578796
464201
359298
75430
995823
809158
937391
273480
628874
107863
591633
99371
818587
988776
259675
638728
625288
571926
698794
912001
310424
988385
443307
144622
164333
415927
264150
813657
961622
679254
609307
540418
143454
968605
132199
655628
777762
69589
929108
922987
693804
520740
22358
512390
25868
282032
667470
167507
853957
882615
79507
680732
871000
39165
825353
35332
455091
605855
848988
416712
285108
974646
473481
428562
943250
122032
84189
237364
191620
529648
160350
885423
50388
182707
914165
592607
464738
97986
760113
835046
980600
355971
515778
851599
911487
857482
403282
366577
463336
768621
299640
748444
743267
289473
693357
202868
411504
293897
440231
119475
823545
600581
521250
390284
299639
435414
982890
280729
49751
259354
115774
30350
131676
147903
398301
43162
5385
317934
926090
468720
86555
225729
733515
829821
515201
426871
32688
443056
720768
989271
562531
544312
589851
83780
934595
889489
35545
433836
686569
85295
209541
802343
631996
341216
950245
546648
900729
471981
864582
826818
457053
467488
568898
190567
813660
84099
617438
362699
527154
854557
351969
606036
915220
458171
689815
849814
347660
725359
800001
34228
327005
9541
352922
959001
867108
819519
22000
767836
291499
402933
111005
748551
870420
679902
455470
200431
280352
589259
563130
807506
443815
915098
413541
359034
373269
619708
725199
237280
345066
41551
787859
188423
567443
657133
663775
434550
476651
685774
718737
284501
605059
829741
549404
991830
25994
4873
192261
306346
110483
755390
630203
554297
186839
560095
429682
560107
179802
671232
313738
41220
712782
617949
229642
796576
275081
893416
231125
268083
95541
466213
552583
700599
812305
618338
692429
838298
623210
884689
660995
250044
156430
291197
804340
343268
851292
750373
419727
547445
421604
733464
588664
650737
867764
334657
447312
142844
228072
194788
410926
839965
661000
479861
56915
989656
98198
749343
344306
237760
150383
5300
487803
306812
296497
808495
166432
664140
558867
586158
211584
496823
835973
800248
663911
703737
651256
111223
362932
879328
822362
773858
235644
999714
253718
292558
989369
868267
558253
333674
106026
708635
338974
593829
531799
151822
402323
698230
332313
477541
800739
543896
974363
153063
860495
638274
856799
511751
265848
219731
907430
88209
509940
143073
87922
280009
951982
593643
148275
510234
443668
770653
218869
298993
364481
267019
450814
283155
965248
783126
760695
282338
843374
735058
435400
703868
889683
292199
731970
155530
28281
639399
760090
54572
298823
364364
334580
250805
474358
999206
761038
918025
769858
496258
217018
650690
763276
184183
933844
244875
483661
210891
527212
327034
462300
962612
547253
351982
771162
279223
23863
315794
434973
300304
370365
250148
664667
221296
500952
139024
736853
778341
573401
506711
274599
790418
673752
37874
490952
607596
282749
974612
334838
809960
817997
797137
288923
881602
665470
60084
677176
689332
375877
112148
989635
262593
878647
170654
483888
379598
826029
220741
157939
399429
243803
432537
706198
917554
986762
713502
41501
269510
204465
376338
595822
538814
689826
884744
420415
355295
461180
97590
44626
353408
726089
550613
616001
604736
237618
616240
500685
579998
353332
658623
495779
597134
607511
718328
31040
110625
431829
72540
896486
636294
965230
492307
175107
655055
893403
111873
10350
354582
209462
571327
707989
451902
638291
323989
572989
875908
456581
73674
972258
809912
248648
468036
407046
372511
186363
954437
483135
618192
26976
379620
770837
508557
871927
462295
679964
281681
574167
690313
636262
299980
777991
860602
268233
416282
700943
841222
808541
157523
431247
780798
967434
679894
765185
890831
52404
951548
845267
535538
569739
388595
431510
856927
413503
819788
319221
93466
101468
893387
300130
254081
709718
78121
631034
977950
10754
331976
819171
335646
5850
250417
632796
489636
446663
397980
896818
15418
349527
742085
550956
435617
647031
498817
292543
60533
318604
128115
153999
936423
537853
454128
706855
247570
48600
337888
225520
575705
186216
561042
911351
192065
327811
544146
198052
774473
942125
94870
789890
808004
353306
857197
243620
516688
872365
52515
577220
190968
180629
247570
643742
718482
218050
350596
482403
783001
688484
224274
358706
874699
785316
270056
583115
629478
330553
297519
920302
789029
908740
226543
113384
262045
600092
357004
778732
472456
925870
872303
179776
622850
636225
823517
857683
854274
174113
340086
637274
378948
564359
512331
769998
866026
298738
353112
495503
629290
650630
932156
934671
559369
158699
48054
337765
758790
921409
632848
231245
847278
21503
927372
470128
657727
750889
844162
512000
441353
184247
665625
820300
264958
177956
590297
130983
476693
459760
142838
622335
626742
74993
557005
702462
233691
605058
556579
508832
526467
189426
256429
890096
210928
183800
876575
868654
451040
720737
897005
892392
421335
78982
229043
686292
256937
335691
817275
249981
795451
476464
388667
938544
551456
945671
641005
301499
67081
197583
326682
109899
903361
583110
999994
114288
283262
392921
499294
734301
630009
396298
143045
51343
991631
888439
737635
764919
224130
71261
14900
535932
547724
403566
474475
615531
865589
115479
433381
449021
829414
760063
558919
732774
343172
75264
363413
142785
468184
862706
877086
98192
775356
536482
665887
766986
424920
403521
531905
165401
474781
63156
701332
538856
983073
692158
154386
365013
807637
587767
814033
153402
864181
372951
402527
207352
964567
765939
866489
432750
628645
743574
47294
920352
796407
713180
203689
737678
633052
735593
903079
624184
315100
120762
163039
298173
812920
833776
179537
136908
937894
993570
290309
802074
366520
692835
525778
847438
975125
392266
796540
603769
652191
843833
40472
964949
73364
244161
702626
706415
496105
122056
846950
811205
242818
9988
625729
55737
360115
805265
192644
814361
315186
999304
616434
198058
208490
658563
45495
183614
50828
842034
303735
219370
685866
344206
184318
275581
104718
886944
498347
600823
8999
345296
928379
768168
871635
70459
823904
748102
392075
532899
562462
707261
532202
695247
905318
740691
353810
950812
924305
404637
792846
228039
140359
995063
88596
324676
786996
193314
727971
285342
310488
253322
146990
238866
21489
534976
825676
361745
283077
217750
894643
845538
441362
943197
540785
346679
683887
894594
813843
124543
815582
123040
868933
955940
634454
957529
796968
421449
667194
41290
223143
977681
294611
370132
732898
832452
421459
558573
194196
704536
292674
88838
66425
734036
548386
607209
597066
748625
18154
410908
873167
350088
50299
258452
822379
684753
215980
135698
622553
399525
176988
845695
377205
471598
732178
110102
304049
153637
185026
14596
374524
477699
619786
440948
728086
168171
564509
325152
916795
582662
252411
306314
449101
302710
564765
271480
503814
297096
407177
126366
696620
100516
972061
73824
572114
220590
700277
392514
890578
401654
407110
265101
395704
26895
706049
123790
711417
270557
965293
628212
369570
217703
934525
818671
36764
499289
606502
540577
796384
530030
183295
493003
630546
155355
83178
719011
892296
299806
111524
782874
701459
34985
47974
97162
578231
270374
737303
289648
540930
702595
434211
910500
436650
368735
245522
473413
384375
368375
530342
697110
898404
713636
706464
528949
385342
305993
764311
793989
605798
875835
576862
823608
910819
141188
920769
5402
411561
174424
295049
952491
877018
729259
379342
830019
614345
141215
819784
998719
509589
350125
212180
407992
580112
918643
453293
481805
224635
217603
275793
830432
609789
369007
170391
36960
510194
607511
42361
921754
781934
853761
390596
175304
99371
286289
5322
713715
427503
825105
228785
453443
691581
440964
377787
788044
359606
831079
786200
584240
565033
61993
931023
691174
947351
101413
728133
457544
225275
286845
895649
7209
656957
802597
182512
756327
88885
704185
470041
32740
45642
698825
486182
253574
139788
863968
557970
15745
211398
344169
116336
292783
922513
47358
983956
869863
665122
228440
327406
890396
31636
739407
413956
688592
542003
112819
444918
147239
817004
914958
179978
378997
130134
666160
148922
269921
46479
706891
802017
257877
51060
918352
67011
489924
482061
50966
359787
147182
795757
203544
553929
827392
942950
484237
515983
484952
597055
960900
632191
930410
392209
328520
825758
522342
511031
974680
308614
557510
681570
110630
331738
248981
28981
398748
738905
511041
966065
615043
174574
761821
818586
244854
589212
761536
729090
105194
762839
842497
582445
911381
772906
974653
756253
115016
496994
267283
89695
321959
341144
287616
432588
672881
536597
461568
587980
791853
972608
554044
406895
663533
832216
225480
908386
421427
503367
637476
42972
782558
996324
625416
210290
285581
116420
966542
400596
129765
750177
490290
451723
91320
777906
884310
280553
830854
862229
384884
139058
834836
455280
545952
14720
287495
287783
923106
708922
307502
76933
268245
606411
73256
410013
816700
358836
526432
299594
759432
656197
49770
766073
624271
657441
60330
508581
937993
891183
370809
322877
546592
721997
778156
608895
736716
65650
896678
176173
290923
720531
253105
75520
326941
326360
485532
659992
685196
11963
959585
960979
184511
525706
727051
808782
183147
787381
833714
637491
194915
720874
960367
257859
959222
254874
866753
695938
836876
763430
388462
127798
312
641567
719669
843604
484278
205200
503596
685825
733515
979532
646803
918025
505238
890206
243158
204736
677586
593223
842226
388852
314097
318945
646710
273318
573818
513463
485607
410693
793244
390421
54843
309908
31987
774511
153511
32616
979711
657106
718441
229577
152990
365243
663953
174579
771800
907111
379314
965737
16685
737891
354589
847133
573187
517650
120451
147005
547464
122409
74049
857060
512829
645243
166967
61167
419754
320477
93783
915816
493935
812223
145392
163276
693817
325696
337854
465617
232806
233519
431353
765843
971409
302293
612975
544596
336295
249777
207952
400110
888538
798352
257169
917718
443595
940487
978885
863348
777316
589019
295515
271250
917593
957258
434525
611409
282953
288730
593377
32111
522248
541082
797953
10008
359726
927279
554603
696020
177056
278906
96130
65593
77258
869650
983310
520852
810137
478546
900551
587452
67564
196065
375053
985156
669674
809577
112917
952626
614658
706293
984736
136905
763726
299040
146912
123452
226319
217867
335823
403374
496772
948304
985318
574029
817954
484979
611232
628090
963525
511782
731893
547440
224198
106945
532596
893871
432873
645512
846497
47530
868156
347584
184434
631882
646624
847697
271685
389294
65563
607507
309019
562335
555811
294336
652715
890116
295666
780299
518205
259190
292080
250097
806630
32630
873393
855577
926500
306265
17440
289348
353794
885595
153284
54579
33828
799907
902275
305512
705552
967838
429371
14570
46524
501533
825257
215590
391648
120922
995888
909852
896464
804320
676300
219445
836949
549692
75021
279800
372308
92460
85500
726101
494406
238783
780679
528234
555041
199305
350097
260592
167142
779467
275161
730017
280999
616769
945607
672646
737690
457846
98849
634153
778517
291500
369949
131817
357543
444969
927969
729850
53780
13468
972302
64538
252250
269332
592771
807290
468637
459219
584233
152130
755038
375745
398499
552388
992513
860457
741386
246554
318302
356586
880707
613171
648086
767007
744987
521980
211976
672955
768182
782107
686422
740483
846644
455023
9815
955766
778664
994803
414985
362896
663284
686374
254992
61782
238761
247504
922238
980146
494058
756892
336732
891116
370062
501169
658122
115048
23148
386449
304355
307681
168556
507128
48164
531551
962151
574330
487317
257166
85484
418653
620062
748767
105026
391405
810549
343786
638909
732786
840284
649318
6029
177015
56785
376090
194535
714906
7490
217682
617707
311844
525363
302614
818971
89878
834164
297473
664207
321480
554639
749690
256484
691052
14808
361509
82456
825356
221647
237716
74494
61930
887033
80522
238944
943817
972964
433478
175075
980453
167511
792781
292296
209225
611746
627618
815454
445909
441443
479660
283741
996081
745701
540224
203484
276861
418085
285939
102216
639731
40007
693061
701660
443391
773583
456955
387208
262898
890432
78634
243350
574294
387766
51997
299871
999511
195966
115324
961771
637408
111336
245511
633488
373388
302087
836971
650248
720171
639262
268816
359901
195620
961876
61560
639010
251810
518514
26217
514707
925297
621202
758056
15942
525319
326404
315812
524829
522370
431136
486600
159777
58823
248462
309617
432210
550548
662939
82458
270718
818552
867625
630618
14171
829500
208529
653181
597662
243394
195749
112368
685042
816951
386776
700984
342269
229531
533147
383450
751900
964282
386401
428029
539456
634862
737645
971666
185410
400583
570475
972479
219135
438099
119449
233305
783950
327977
402837
381611
87723
598586
10331
772764
415536
913458
473747
274156
142988
6894
173957
894888
487527
560357
322916
26983
195219
576912
515000
896980
977494
85474
385810
712980
39924
505258
462637
823873
349587
865473
205484
437309
980410
215814
210072
912297
129271
200171
186453
788610
723416
876761
683497
210942
437118
522764
754276
148688
99675
269275
562019
593521
871100
947828
822852
911023
453086
801840
734896
319024
183665
456731
756332
164074
188896
482755
76371
834518
682925
779175
623127
406340
655935
306624
133634
93052
345739
404261
241739
445414
673536
803757
555286
60987
267937
894489
972010
237374
696329
223257
556397
879993
679987
829080
44066
385234
311834
120436
219751
511111
899610
842877
433802
555545
665852
567435
164948
11591
971696
923039
973356
161583
726795
528641
222569
511083
939481
710930
748456
635809
450538
304852
515801
646876
133931
76219
32109
445765
196654
251859
473227
612616
94736
907028
684512
760587
990815
849459
772177
478862
772497
261884
640444
15644
306876
379364
526726
246357
606646
275182
882165
57183
96385
914318
704059
230316
990536
736167
192432
703541
504378
665658
316156
599113
572685
667
876051
79851
366478
164580
558712
655326
426463
199155
670969
733339
94871
714047
979695
701516
989228
378211
275050
85612
292528
495460
832279
283063
747979
24710
986604
252356
206719
819111
367820
295756
336130
243870
375606
218959
408449
934318
874284
351264
649824
545253
84602
744694
259299
580648
962561
764878
958858
753963
366841
767738
249422
715472
567152
997400
740181
70107
249755
946900
889218
617574
242655
741699
377796
134612
960657
786244
68929
834940
137507
718753
896544
738460
979798
672194
835459
942359
953423
794317
212673
320264
78406
462094
35735
645557
459494
292267
715664
225600
755518
121233
359526
514524
862931
737321
649136
823587
39916
718064
174878
693775
436816
71422
948586
932966
743615
784045
875324
697038
94713
87996
533653
173118
66441
85739
335026
42286
378005
50689
784238
133523
688273
143763
648046
551203
397435
297181
891141
953702
531597
66019
647476
484764
653792
596062
417729
397406
896458
809404
610795
991170
413751
144447
680639
480192
746537
15664
522477
124542
582705
306714
774416
270977
966828
422461
338532
364262
235994
229672
317964
283942
812042
481791
768705
465833
594204
186434
379591
490661
995837
506737
998182
409588
651184
678820
406131
397720
694484
928607
38613
277188
751673
813028
64516
718500
751841
403047
599114
504186
149071
433429
788127
961112
431571
556831
943297
25775
259616
322887
32787
771805
829623
30969
697744
997158
226140
103874
911230
436975
548832
949842
230514
300504
279222
295030
535356
547414
698076
134469
51599
363498
84249
356077
324610
515819
429259
267906
57945
688875
107144
90732
977031
936766
638052
674774
933924
380543
778647
361505
817518
327478
827698
48031
144334
623271
859412
196041
170684
557488
330509
738634
920985
931109
94710
761946
446927
523969
29851
21224
729195
136994
628307
706225
590112
266358
897350
40387
163252
192348
401891
980769
519825
745940
545152
180510
369211
404563
376550
539894
478402
223410
278528
915739
154518
889589
677684
117797
929909
223887
655372
659103
877232
283678
881679
467343
66387
295380
24081
229638
487727
942323
210407
523904
688263
271910
704413
57473
676472
80963
113718
154874
820724
908597
70612
491594
798186
748295
125742
728094
488533
781113
903549
365765
64790
785227
349459
131176
596959
373540
877165
84685
315862
603923
608588
520476
875832
313001
577948
552304
910315
208018
707177
731038
116614
294140
738983
914799
42434
864724
642893
47319
645836
546441
413083
226977
848019
762541
358152
444977
652432
751669
46014
484646
355591
654601
5121
231423
967601
99421
300078
394267
307438
523606
641657
424051
817745
380639
855202
376530
245363
14446
423848
407550
77238
353282
634527
441608
115823
509030
402937
284606
260698
448950
769251
132641
103550
774372
880415
587503
390144
180492
981769
697581
704097
139777
637983
38193
520416
9536
414722
282130
23981
354922
689679
617570
708203
324205
59178
340377
349587
462114
624983
610284
911063
910585
742924
530964
201308
139690
118466
591451
320181
616587
805383
540629
756363
959718
578821
793130
969253
509895
75259
509586
381168
764938
127155
605722
605494
702684
946099
955080
164797
87433
81716
592211
998017
340991
123175
199325
480681
757992
790775
317213
374578
112510
857842
647293
72227
953014
440422
41479
979260
515681
67416
360427
796970
194571
482501
402463
413606
428599
873895
578403
32383
471962
686965
30399
812952
326491
746075
809984
84483
53202
127197
975412
165711
501390
622704
237937
454403
63126
795767
950015
95158
863183
826793
892127
574105
309293
810941
987710
254243
684835
82464
286625
673148
769429
317024
2452
95919
63098
812435
696753
632651
455983
672165
798361
957372
294868
36297
928127
874345
348416
878141
969502
211598
704933
377980
302054
530578
188921
289763
784820
390107
888579
71445
63255
174359
388468
65706
270277
967917
394492
967030
600568
850475
155546
398928
807846
966765
951577
735972
841110
299992
130464
326963
27941
835397
221295
329994
365974
410215
136108
667145
800321
541038
738589
379927
715396
643408
961984
502025
611325
356476
469054
728244
206950
140951
643523
14795
107715
111451
267119
465176
411442
397582
308491
955734
749330
529785
802079
631655
456351
454539
298800
773023
995576
37388
152950
710972
197148
114933
212996
808472
471408
198401
53067
194709
339351
696589
725856
963417
808040
509326
944945
735833
906907
769787
207919
172589
299571
9997
320595
755921
464535
135746
528943
976463
689486
198244
687434
886633
829529
416781
695104
817288
131533
264522
11997
987235
477462
737852
950651
285501
247177
411947
537686
670435
181733
261956
359375
481303
788304
679970
753575
769191
815715
798870
745653
21552
997113
949438
908184
826641
366218
119639
643929
497750
384160
172277
484984
861622
426480
951986
663474
673656
363933
717511
860442
62017
979466
219817
59672
767770
416138
813246
536960
748204
128467
798964
769756
641932
748401
194291
984924
630970
313930
628852
645071
698089
317480
646406
76062
743959
598391
739536
933966
478675
973398
794408
57044
952864
530576
116715
236985
463065
446312
290296
727620
574779
89259
13727
216710
354011
208018
201633
501332
521947
346837
146402
736387
664316
792807
328801
924627
907549
584688
858592
902576
558085
652999
959619
27300
699926
76333
780636
162990
522644
70931
406962
613774
676541
420688
346835
546903
628705
548468
48234
667003
411656
710987
403390
592323
503793
732190
516949
411342
833229
375541
830269
391313
544891
789887
418613
244817
866219
715600
924158
905214
302883
331119
518988
979423
751807
865822
42678
896863
930641
607263
563866
858648
318250
483607
450971
822042
732148
967919
749735
565376
859811
580003
956688
404702
369889
891652
165870
752459
607252
90027
174025
426486
937498
209364
922260
205656
591537
964937
102518
522178
572200
666383
380825
890449
149989
348147
228842
398488
316066
978577
963863
175876
74931
436903
96929
961172
328554
262798
229982
452157
352825
404006
878642
806674
613369
800902
12329
721258
282190
114846
243435
370741
297581
140611
261189
963921
488758
6383
362409
321175
501311
326271
13402
576241
763173
110331
53764
608079
889480
283746
576587
758656
204103
971581
565329
333824
288834
577657
55081
571023
208855
814867
458116
22787
471829
719304
986707
476938
242038
349115
798112
743348
191738
327866
319589
471262
954548
889704
595692
844027
173449
172279
602683
893904
660211
684363
227727
949044
262020
799159
36418
987226
614025
494533
10012
85853
730189
513070
562791
972226
378537
877254
715574
570274
205119
551514
557887
676018
441217
153579
520045
131018
325857
639079
24921
986067
323441
768999
451462
101812
568157
487879
89037
182181
498764
615400
784385
228952
128470
347175
201177
507006
740781
433102
593631
945899
984615
151517
138269
942184
305095
658313
73201
147303
297391
614473
133369
137183
383471
101182
238995
467979
105413
328031
650159
604176
459783
950895
349479
588252
298070
67007
611609
38850
500109
205239
501100
1075
356755
639368
943258
661850
814032
532810
809152
627774
147282
458873
764957
47104
76406
3951
31434
181818
848333
681592
785993
308115
632487
135471
412718
446908
718830
24326
2109
218938
229564
19560
736364
102671
658928
679622
280872
989311
728783
606375
617085
392417
65247
382041
955872
658005
902343
987306
839822
750675
668897
142167
58790
817735
793989
987859
780994
512818
12185
783102
248107
758100
319014
984471
860770
977941
180444
657993
967251
909226
264368
100687
301642
845966
999079
257514
503970
901421
244819
343792
652096
430067
485958
227237
764154
279946
215095
61499
792764
743631
360953
40870
501731
679966
541692
878852
174258
722135
536845
657860
631361
801212
758547
449354
647177
757625
223219
667499
659046
984389
11290
827493
414456
13599
571081
694961
809896
302527
272811
119011
562510
633763
676233
64240
313728
217924
459443
487985
940059
512639
145845
87771
313850
420743
537124
477379
178367
760343
661229
353764
744731
672518
697608
675538
202468
785040
886850
12363
87567
159661