363533
328589
111919
854771
189799
732863
161237
40699
981587
859861
441971
436477
123449
804521
240997
173473
275167
133673
859361
138283
813017
415801
121157
397037
886243
178571
155191
410731
332699
778109
358723
101891
775517
357079
636539
753133
751447
805633
413243
704861
65717
800741
63409
963379
526483
908287
17579
280979
802721
356327
438329
218677
154369
263323
120763
387187
36793
838139
587131
357431
903211
83813
463823
184577
439631
341773
336491
639311
56599
743173
3571
334319
7757
237067
847009
993451
616289
643889
398459
672901
629339
810871
661877
311347
119291
990529
727273
413111
243539
790589
597391
635051
643061
549553
141397
333049
930847
921379
28631
630391
548629
29423
141731
970313
281683
60397
331511
851549
374123
634313
710299
157007
617161
242867
158189
758137
355127
797887
100049
961087
12037
161527
794407
822163
480427
478603
271841
368647
604477
210263
259177
134999
303917
785879
18301
313147
322921
49613
480107
640859
927097
872033
881393
655379
19273
610193
937147
537569
549863
515611
913589
748249
828409
18553
297809
649867
128203
62603
168499
389849
264871
231109
434209
968809
119983
100907
736951
53161
285281
162577
337013
717397
198829
658607
478321
365537
302629
293483
867871
757291
345647
246319
237313
232459
410759
664669
534649
301241
711757
773879
721363
403043
634741
362281
244481
579427
79193
94477
132541
475297
146921
418259
347887
292181
529393
253543
727843
873781
637097
502631
935359
425609
749237
174989
409379
333517
206081
67043
200171
645419
296929
155231
294023
270791
896963
834311
717103
921919
112289
583753
594379
218843
972029
31477
444029
45587
977761
1481
514057
146213
392443
45439
88657
610187
897817
476869
25453
194813
412603
765467
930491
472057
731713
822407
314401
146989
422537
159563
535697
463093
606607
216743
346529
289171
134417
175103
916871
404959
94823
212117
529097
15307
669943
781883
476851
441251
618323
342599
136531
567439
124739
337537
742711
33703
102497
712171
778793
354479
588191
560827
786589
936223
891659
179563
685249
38543
93281
986983
125497
312407
608527
446657
435839
239699
749863
699529
370159
477839
551809
745973
588061
554167
902849
785903
587747
135173
53377
336533
513397
489157
538117
911089
632123
331693
85703
74383
507961
424913
811081
500809
176849
285227
981391
52571
189467
757487
965117
798373
667309
854951
24239
428557
480979
2039
584849
853807
847537
565171
258173
509689
228523
662149
340063
596587
527749
762919
702683
218599
306133
176507
731509
626177
157177
123707
717803
509
335477
648317
189361
232847
104527
401237
241327
96557
291563
773779
417331
764317
124673
802511
812297
122509
51047
164309
127033
967693
688969
842531
392201
494561
871103
639833
484487
108499
681481
243077
139483
457279
82129
20441
509801
47713
395737
755593
352441
293681
421609
751727
963047
945851
3947
575963
571037
267479
490223
233141
217307
76091
564593
313997
797033
669989
343817
222107
537941
589181
499159
285287
867389
371153
254147
414607
299261
511237
169751
310883
849721
506423
722333
5483
546947
18287
323707
314339
45289
155303
833477
128483
867589
997769
475379
928703
105269
614147
490927
900307
231359
457001
209227
921091
632347
550447
775267
110863
233143
832477
317969
170441
316699
14197
696379
408913
810653
627961
161233
957221
511787
673157
873091
806737
827147
704731
321509
621259
19157
605947
738373
951803
475889
45263
771917
322169
747599
148531
664067
117643
551297
157411
797051
241027
810013
591937
656681
466913
2203
139033
515993
805309
147761
468859
910213
537883
294551
57107
916073
890927
812869
22937
149839
51913
883979
717491
332489
825193
902807
803273
326549
895927
32423
707951
255851
605533
283159
891797
85931
710573
468893
483643
587021
947183
689807
473377
531623
170473
738499
898753
464201
99371
609307
132199
825353
280729
426871
889489
725359
560107
552583
479861
150383
835973
868267
558253
531799
856799
219731
280009
298993
664667
456581
372511
770837
157523
856927
78121
537853
180629
789029
564359
559369
158699
921409
21503
556579
945671
51343
71261
760063
807637
402527
903079
603769
843833
275581
600823
8999
70459
707261
894643
683887
124543
957529
977681
421459
822379
304049
407177
700277
706049
540577
719011
295049
453293
369007
99371
286289
947351
895649
802597
922513
869863
378997
392209
248981
842497
974653
756253
451723
862229
287783
624271
322877
721997
290923
326941
184511
390421
774511
153511
907111
166967
320477
917593
810137
900551
731893
847697
65563
309019
726101
780679
555041
275161
616769
98849
992513
782107
740483
531551
6029
617707
554639
441443
283741
639731
693061
836971
662939
208529
386401
10331
200171
876761
562019
911023
345739
241739
511111
635809
473227
704059
733339
747979
962561
366841
137507
835459
292267
465833
490661
928607
751841
433429
51599
356077
429259
330509
523969
29851
40387
369211
889589
117797
487727
210407
80963
908597
785227
603923
707177
751669
355591
654601
115823
981769
23981
624983
911063
540629
578821
969253
87433
998017
647293
72227
41479
515681
482501
309293
810941
769429
704933
289763
390107
27941
738589
379927
643523
308491
773023
172589
411947
481303
717511
62017
128467
736387
907549
652999
76333
710987
516949
979423
450971
967919
752459
963863
12329
297581
140611
22787
986707
319589
172279
85853
323441
945899
151517
297391
137183
360953
501731
631361
223219
459443
420743
760343
